000000000100010000110010000101001100011101000010000100000000000000000000000000000000000000000000000000001000010000100001000000000000000000000000000000000110
000000000100010000110010000101001100011101000010000100000000000000000000000000000000000000000000000000001000010000100001000000000000000000000000000000000110
000000000100010000110010000101001100011101000010000100000000000000000000000000000000000000000000000000001000010000100001000000000000000000000000000000000110
000000000100010000110010000101001100011101000010000100000000000000000000000000000000000000000000000000001000010000100001000000000000000000000000000000000110
000000000100010000110010000101001100011101000010000100000000000000000000000000000000000000000000000000001000010000100001000000000000000000000000000000000110
000000000100010000110010000101001100011101000010000100000000000000000000000000000000000000000000000000001000010000100001000000000000000000000000000000000110
000000000100010000110010000101001100011101000010000100000000000000000000000000000000000000000000000000001000010000100001000000000000000000000000000000000110
000000000100010000110010000101001100011101000010000100000000000000000000000000000000000000000000000000001000010000100001000000000000000000000000000000000110
000000000100010000110010000101001100011101000010000100000000000000000000000000000000000000000000000000001000010000100001000000000000000000000000000000000110
000000000100010000110010000101001100011101000010000100000000000000000000000000000000000000000000000000001000010000100001000000000000000000000000000000000110
000000000100010000110010000101001100011101000010000100000000000000000000000000000000000000000000000000001000010000100001000000000000000000000000000000000110
000000000100010000110010000101001100011101000010000100000000000000000000000000000000000000000000000000001000010000100001000000000000000000000000000000000110
000000000100010000110010000101001100011101000010000100000000000000000000000000000000000000000000000000001000010000100001000000000000000000000000000000000110
000000000100010000110010000101001100011101000010000100000000000000000000000000000000000000000000000000001000010000100001000000000000000000000000000000000110
000000000100010000110010000101001100011101000010000100000000000000000000000000000000000000000000000000001000010000100001000000000000000000000000000000000110
000000000100010000110010000101001100011101000010000100000000000000000000000000000000000000000000000000001000010000100001000000000000000000000000000000000110

