000000000010001000001000010001000001011100001000000000000000000000001011000000001000000000000000011001100110000000100100011000000000000000000000000000000111
000000000010110000001000000000000000000000110000000000000000000000001011000000001000000000000000011001100110000000100100011000000000000000000000000000000111
000000000010110000001000000000000000000000110000000000000000000000001011000000001000000000000000011001100110000000100100011000000000000000000000000000000111
000000000010110000001000000000000000000000110000000000000000000000001011000000001000000000000000011001100110000000100100011000000000000000000000000000000111
000000000010001000001000010001000001011100001000000000000000000000001011000000001000000000000000011001100110000000100100011000000000000000000000000000000111
000000000010110000001000000000000000000000110000000000000000000000001011000000001000000000000000011001100110000000100100011000000000000000000000000000000111
000000000010110000001000000000000000000000110000000000000000000000001011000000001000000000000000011001100110000000100100011000000000000000000000000000000111
000000000010110000001000000000000000000000110000000000000000000000001011000000001000000000000000011001100110000000100100011000000000000000000000000000000111
000000000010001000001000010001000001011100001000000000000000000000001011000000001000000000000000011001100110000000100100011000000000000000000000000000000111
000000000010110000001000000000000000000000110000000000000000000000001011000000001000000000000000011001100110000000100100011000000000000000000000000000000111
000000000010110000001000000000000000000000110000000000000000000000001011000000001000000000000000011001100110000000100100011000000000000000000000000000000111
000000000010110000001000000000000000000000110000000000000000000000001011000000001000000000000000011001100110000000100100011000000000000000000000000000000111
000000000010001000001000010001000001011100001000000000000000000000001011000000001000000000000000011001100110000000100100011000000000000000000000000000000111
000000000010110000001000000000000000000000110000000000000000000000001011000000001000000000000000011001100110000000100100011000000000000000000000000000000111
000000000010110000001000000000000000000000110000000000000000000000001011000000001000000000000000011001100110000000100100011000000000000000000000000000000111
000000000010110000001000000000000000000000110000000000000000000000001011000000001000000000000000011001100110000000100100011000000000000000000000000000000111

