1010000000000000000000000000000000000000000000000
0100001100000000000000000000000000000000000000000
1010100000000000000000000000000000000000000000000
0100001000000000000000000000000000000000000000000
1011000000000000000000000000000000000000000000000
0100000100000000000000000000000000000000000000000
1011100000000000000000000000000000000000000000000
0100000000000000000000000000000000000000000000000
1010000000000000000000000000000111100000000000000
0000000000000000000000000000000000000000000000000
1010100000000000000000000000000111100000000000000
0000000000000000000000000000000000000000000000000
1011000000000000000000000000000111100000000000000
0000000000000000000000000000000000000000000000000
1011100000000000000000000000000111100000000000000
0000000000000000000000000000000000000000000000000
0000000000000000000000000000000000000000000000000
1000000000000000000000000000000000000000000000000
0000000000000000000000000000000000000000000000000
1000100000000000000000000000000000000000000000000
0000000000000000000000000000000000000000000000000
1001000000000000000000000000000000000000000000000
0000000000000000000000000000000000000000000000000
1001100000000000000000000000000000000000000000000
0000000000000000000000000000000000000000000000000
0000000000000000000000000000000000000000000000000
0000000000000000000000000000000000000000000000000
0000000000000000000000000000000000000000000000000
0000000000000000000000000000000000000000000000000
0000000000000000000000000000000000000000000000000
0000000000000000000000000000000000000000000000000
0000000000000000000000000000000000000000000000000
